14106	1000	100	0	1	4	0
14102.8005128587	983.342087137750	115.327159203570	3.19924079977829	0.987000000221707	5.30936000000000	0.0336000000000000
14099.6002358337	964.070987713287	133.063502300615	6.39926966295629	0.974169000442171	6.81661255204929	0.0729765717610710
14096.3953423386	943.861740238996	151.501924836186	9.60391288095805	0.961504803661672	8.55289916154067	0.119030573748100
14093.1852434456	923.378201528532	169.969225367182	12.8137593336027	0.949005241441267	10.5271406086217	0.172178760444342
14089.9706103186	902.916704317892	188.168686742673	16.0281379058514	0.936668173531629	12.7394979085799	0.232643954602256
14086.7526516950	882.629080301018	205.952042117305	19.2458399509201	0.924491487506639	15.1862745793938	0.300560108742780
14083.5328275616	862.600505074140	223.239654155135	22.4654055926284	0.912473098401695	17.8618500063891	0.376013368499426
14080.3127163730	842.881454880474	239.987644836255	25.6852564967338	0.900610948356729	20.7595733771792	0.459060929751716
14077.0939458862	823.502659230117	256.172466885654	28.9037650314604	0.888903006263848	23.8722294906060	0.549740839242054
14073.8781540365	804.482832306205	271.782901767834	32.1192933883686	0.877347267419562	27.1923035703644	0.648077585849296
14070.6669654855	785.832992521989	286.815576036014	35.3302170326973	0.865941753181524	30.7121418115737	0.754085529592974
14067.4619769960	767.559028741066	301.272290694894	38.5349393268793	0.854684510629740	34.4240534937847	0.867771130034195
14064.2647480899	749.663302554961	315.158350051865	41.7319008727500	0.843573612232177	38.3203782827772	0.989134465387069
14061.0767950208	732.145690502614	328.481472869045	44.9195855375509	0.832607155514723	42.3935317461731	1.11817031085713
14057.8995869136	715.004285570108	341.251058727480	48.0965243146975	0.821783262735429	46.6360366726034	1.25486893128940
14054.7345433626	698.235883190645	353.477679655678	51.2612977251099	0.811100080562994	51.0405448251041	1.39921668191298
14051.5830330396	681.836326333891	365.172719435125	54.4125372089894	0.800555779759431	55.5998520658844	1.55119647615228
14048.4463730153	665.800755767584	376.348112534324	57.5489258044289	0.790148554866844	60.3069087782979	1.71078815884212
14045.3258285931	650.123794880828	387.016151955896	60.6691983137448	0.779876623898297	65.1548268854692	1.87796881050288
14042.2226135151	634.799688341473	397.189345807126	63.7721410970888	0.769738228032684	70.1368843645407	2.05271300028657
14039.1378904424	619.822407540599	406.880308992427	66.8565915923994	0.759731631313579	75.2465278922261	2.23499299995680
14036.0727716372	605.185731722888	416.101680661474	69.9214376333408	0.749855120351990	80.4773740799528	2.42477896775753
14033.0283197941	590.883311037593	424.866060835492	72.9656166179178	0.740107004032987	85.8232096347037	2.62203910862793
14030.0055489815	576.908715956343	433.185961510207	75.9881145670758	0.730485613226135	91.2779906958500	2.82673981554981
14027.0054256636	563.255476279810	441.073768820748	78.9879651029932	0.720989300499699	96.8358415369214	3.03884579562914
14024.0288697796	549.917112102360	448.541713752141	81.9642483697631	0.711616439838558	102.491052776699	3.25832018365859
14021.0767558633	536.887158500099	455.601849516251	84.9160899139779	0.702365426365792	108.238079211168	3.48512464528326
14018.1499141887	524.159185273912	462.266034174843	87.8426595388395	0.693234676067882	114.071537353340	3.71921947142819
14015.2491319323	511.726812763277	468.545917423145	90.7431701424663	0.684222625523487	119.986202749410	3.96056366529865
14012.3751543418	499.583724513724	474.452930695689	93.6168765488042	0.675327731635747	125.977007125541	4.20911502300006
14009.5286859063	487.723677407122	479.998279941000	96.4630743377913	0.666548471368064	132.039035408612	4.46483020862175
14006.7103915215	476.140509733021	485.192940551409	99.2810986800561	0.657883341483318	138.167522655751	4.72766482447180
14003.9208976463	464.828147579574	490.047654040765	102.070323180344	0.649330858286472	144.357850920742	4.99757347702740
14001.1607934476	453.780609845939	494.572926144890	104.830158733003	0.640889557370529	150.605546080091	5.27450983906830
13998.4306319301	442.992012118667	498.779026083332	107.560052392188	0.632557993365785	156.906274637288	5.55842670838385
13995.7309310490	432.456569608153	502.675986770873	110.259486258850	0.624334739692343	163.255840520365	5.84927606338241
13993.0621748052	422.168599304691	506.273605806632	112.927976386184	0.616218388315847	169.650181885129	6.14700911588200
13990.4248143198	412.122521484672	509.581447099853	115.565071704783	0.608207549506391	176.085367934148	6.45157636132060
13987.8192688887	402.312860674316	512.608843016519	118.170352968497	0.600300851600559	182.557595759769	6.76292762659129
13985.2459270147	392.734246159735	515.364896951072	120.743431721710	0.592496940766560	189.063187217914	7.08101211568004
13982.7051474191	383.381412117087	517.858486243806	123.283949288584	0.584794480772421	195.598585838139	7.40577845326148
13980.1972600297	374.249197424359	520.098265377806	125.791575784611	0.577192152757183	202.160353774446	7.73717472638895
13977.7225669468	365.332545206318	522.092669400171	128.266009150712	0.569688655005085	208.745168800409	8.07514852439929
13975.2813433869	356.626502155982	523.849917521172	130.706974209985	0.562282702722669	215.349821351517	8.41964697713971
13972.8738386029	348.126217669173	525.378016852438	133.114221747111	0.554973027818797	221.971211616998	8.77061679161243
13970.5002767823	339.826942823103	526.684766251346	135.487527610355	0.547758378687514	228.606346682870	9.12800428712346
13968.1608579228	331.724029225275	527.777760243925	137.826691836039	0.540637519993747	235.252337727579	9.49175542901345
13965.8557586858	323.812927755060	528.664393002885	140.131537795273	0.533609232461778	241.906397271178	9.86181586104145
13963.5851332272	316.089187217047	529.351862360913	142.401911362745	0.526672312666477	248.565836478721	10.2381309364864
13961.3491140074	308.548452922462	529.847173842494	144.637680107268	0.519825572827240	255.228062518282	10.6206457480255
13959.1478125791	301.186465212666	530.157144699980	146.838732503811	0.513067840604615	261.890575973789	11.0093051564447
13956.9813203541	293.999057936719	530.288407941890	149.004977166669	0.506397958899561	268.550968312681	11.4040538182311
13954.8497093495	286.982156893314	530.247416343205	151.136342103432	0.499814785655328	275.206919408226	11.8048362120951
13952.7530329133	280.131778245983	530.040446429031	153.232773989395	0.493317193661903	281.856195116240	12.2115966644654
13950.6913264300	273.444026919185	529.673602424353	155.294237462029	0.486904070363008	288.496644905779	12.6242793739988
13948.6646080063	266.915094981884	529.152820163725	157.320714435133	0.480574317665595	295.126199543346	13.0428284351413
13946.6728791381	260.541260024283	528.483870955777	159.312203432271	0.474326851751826	301.742868830020	13.4671878607794
13944.7161253579	254.318883532606	527.672365398224	161.268718939100	0.468160602893498	308.344739390882	13.8973016040132
13942.7943168640	248.244409266144	526.723757139849	163.190290774194	0.462074515268876	314.929972516051	14.3331135790844
13940.9074091318	242.314361640195	525.643346586514	165.076963477950	0.456067546781906	321.496802052578	14.7745676814908
13939.0553435071	236.525344118007	524.436284548838	166.928795719197	0.450138668883786	328.043532346443	15.2216078073141
13937.2380477824	230.874037614415	523.107575829642	168.745859719080	0.444286866396849	334.568536233838	15.6741778717905
13935.4554367561	225.357198913443	521.662082749672	170.528240691844	0.438511137340739	341.070253080914	16.1322218271499
13933.7074127751	219.971659101847	520.104528610459	172.276036302114	0.432810492760843	347.547186871142	16.5956836797476
13931.9938662614	214.714322020242	518.439501093502	173.989356138277	0.427183956558961	353.997904339431	17.0645075065148
13930.3146762237	209.582162733226	516.671455595216	175.668321201582	0.421630565326172	360.421033152133	17.5386374707483
13928.6697107520	204.572226019688	514.804718497308	177.313063410574	0.416149368177868	366.815260132051	18.0180178372638
13927.0588274989	199.681624884263	512.843490372472	178.923725120486	0.410739426590945	373.179329527582	18.5025929869318
13925.4818741457	194.907539090769	510.791849125441	180.500458657215	0.405399814243097	379.512041325100	18.9923074306184
13923.9386888536	190.247213718271	508.653753069610	182.043425865516	0.400129616854212	385.812249603710	19.4871058225486
13922.4291007026	185.697957740301	506.433043939542	183.552797671051	0.394927932029818	392.078860931495	19.9869329731129
13920.9529301150	181.257142627647	504.133449839817	185.028753655948	0.389793869106573	398.310832802378	20.4917338611331
13919.5099892676	176.922200975015	501.758588130759	186.471481647513	0.384726548999758	404.507172112743	21.0014536456071
13918.1000824895	172.690625151788	499.311968251658	187.881177319750	0.379725104052757	410.666933676958	21.5160376769478
13916.7230066485	168.559965977007	496.796994482189	189.258043807375	0.374788677888489	416.789218780936	22.0354315077326
13915.3785515249	164.527831418662	494.216968642771	190.602291331971	0.369916425262777	422.873173772926	22.5595809029801
13914.0665001735	160.591885317287	491.575092734690	191.914136839976	0.365107511919620	428.917988690677	23.0884318499686
13912.7866292742	156.749846133811	488.874471520804	193.193803652191	0.360361114448344	434.922895924175	23.6219305676106
13911.5387094711	152.999485721589	486.118115047740	194.441521124497	0.355676420142613	440.887168913142	24.1600235153986
13910.3225057010	149.338628122465	483.308941110480	195.657524319466	0.351052626861277	446.810120878514	24.7026574019347
13909.1377775115	145.765148386710	480.449777660276	196.842053688609	0.346488942891018	452.691103587099	25.2497791930585
13907.9842793678	142.276971416621	477.543365156842	197.995354764921	0.341984586810796	458.529506148676	25.8013361195850
13906.8617609510	138.872070833572	474.592358865801	199.117677865490	0.337538787358040	464.324753844749	26.3572756846659
13905.7699674447	135.548467868257	471.599331102356	200.209277803867	0.333150783296597	470.076306988241	26.9175456707859
13904.7086398140	132.304230273858	468.566773422170	201.270413611929	0.328819823286381	475.783659813395	27.4820941464060
13903.6775150743	129.137471261852	465.497098760452	202.301348270991	0.324545165754731	481.446339395156	28.0508694722647
13902.6763265506	126.046348460156	462.392643520232	203.302348451891	0.320326078769428	487.063904597347	28.6238203073485
13901.7048041296	123.029062893300	459.255669610815	204.273684263805	0.316161839913374	492.635945048950	29.2008956145422
13900.7626745015	120.083857984299	456.088366437402	205.215629011560	0.312051736160892	498.162080147815	29.7820446659695
13899.8496613954	117.209018577896	452.892852842860	206.128458961184	0.307995063755641	503.641958091137	30.3672170480337
13898.9654858049	114.402869984843	449.671179002613	207.012453113478	0.303991128090112	509.075254932060	30.9563626661686
13898.1098662073	111.663777046864	446.425328273626	207.867892985384	0.300039243586694	514.461673661771	31.5494317493082
13897.2825187744	108.990143221962	443.157218998431	208.695062398912	0.296138733580284	519.800943316463	32.1463748540859
13896.4831575763	106.380409689725	439.868706265161	209.494247277434	0.292288930202428	525.092818108561	32.7471428687703
13895.7114947782	103.833054476257	436.561583624507	210.265735449116	0.288489174266960	530.337076581622	33.3516870169475
13894.9672408296	101.346591598413	433.237584764546	211.009816457293	0.284738815157136	535.533520788316	33.9599588609583
13894.2501046477	98.9195702269499	429.898385144336	211.726781377584	0.281037210714229	540.681975490935	34.5719103050972
13893.5597937931	96.5505738682718	426.545603587198	212.416922641556	0.277383727127576	545.782287383854	35.1874935985823
13892.8960146405	94.2382195643960	423.180803834549	213.080533866748	0.273777738826052	550.834324337421	35.8066613383040
13892.2584725422	91.9811571108024	419.805496061187	213.717909692864	0.270218628370958	555.837974662728	36.4293664713580
13891.6468719856	89.7780682918131	416.421138352871	214.329345623965	0.266705786350298	560.793146396749	37.0555622973728
13891.0609167460	87.6276661331596	413.029138147045	214.915137876481	0.263238611274433	565.699766607338	37.6852024706357
13890.5003100320	85.5286941713953	409.630853637545	215.475583232865	0.259816509473087	570.557780717583	38.3182410020265
13889.9647546271	83.4799257398146	406.227595144103	216.010978900742	0.256438894993700	575.367151849041	38.9546322607635
13889.4539530249	81.4801632705445	402.820626447449	216.521622377371	0.253105189501095	580.127860183367	39.5943309759709
13888.9676075595	79.5282376124769	399.411166090801	217.007811319279	0.249814822178452	584.839902341881	40.2372922380702
13888.5054205311	77.6230073647163	396.000388648521	217.469843416899	0.246567229629570	589.503290782618	40.8834715000051
13888.0670943262	75.7633582252184	392.589425962693	217.908016274081	0.243361855782399	594.118053214422	41.5328245783040
13887.6523315335	73.9482023543044	389.179368348365	218.322627292314	0.240198151793824	598.684232027637	42.1853076539858
13887.2608350552	72.1764777527349	385.771265768190	218.713973559527	0.237075575955695	603.201883740994	42.8408772733152
13886.8923082136	70.4471476540370	382.366128977185	219.082351743332	0.233993593602063	607.671078464264	43.4994903484125
13886.5464548537	68.7591999307792	378.964930638298	219.428057988573	0.230951677017639	612.091899376281	44.1611041577235
13886.2229794414	67.1116465144963	375.568606409483	219.751387819046	0.227949305347433	616.464442217948	44.8256763463537
13885.9215871578	65.5035228289692	372.178056002947	220.052636043279	0.224985964507570	620.788814799823	45.4931649262727
13885.6419839894	63.9338872365718	368.794144217235	220.332096664230	0.222061147097265	625.065136523932	46.1635282763934
13885.3838768148	62.4018204973998	365.417701942794	220.590062792797	0.219174352311942	629.293537919431	46.8367251425301
13885.1469734872	60.9064252409025	362.049527141652	220.826826565014	0.216325085857486	633.474160191761	47.5127146372404
13884.9309829140	59.4468254497448	358.690385801827	221.042679062833	0.213512859865607	637.607154784944	48.1914562395555
13884.7356151322	58.0221659556278	355.341012867072	221.237910238365	0.210737192810299	641.692682956692	48.8729097946025
13884.5605813810	56.6316119468074	352.002113142553	221.412808841484	0.207997609425399	645.730915365979	49.5570355131237
13884.4055941711	55.2743484870478	348.674362177030	221.567662350691	0.205293640623199	649.722031672772	50.2437939708958
13884.2703673501	53.9495800457597	345.358407122118	221.702756907123	0.202624823414136	653.666220149579	50.9331461080544
13884.1546161663	52.6565300390705	342.054867569177	221.818377251633	0.199990700827507	657.563677304535	51.6250532283257
13884.0580573280	51.3944403815848	338.764336364373	221.914806664812	0.197390821833232	661.414607515698	52.3194769981705
13883.9804090607	50.1625710485939	335.487380402441	221.992326909897	0.194824741264620	665.219222676280	53.0163794458439
13883.9213911618	48.9601996485001	332.224541399672	222.051218178442	0.192292019742148	668.977741850512	53.7157229603733
13883.8807250517	47.7866210052257	328.976336646621	222.091759038683	0.189792223598224	672.690390939881	54.4174702904587
13883.8581338234	46.6411467503819	325.743259741040	222.114226386506	0.187324924802940	676.357402359438	55.1215845432986
13883.8533422887	45.5231049249749	322.525781301522	222.118895398934	0.184889700890772	679.979014723947	55.8280291833444
13883.8660770220	44.4318395904357	319.324349662316	222.106039490054	0.182486134888250	683.555472543580	56.5367680309864
13883.8960664029	43.3667104487588	316.139391549791	222.075930269304	0.180113815242558	687.087025928929	57.2477652611743
13883.9430406545	42.3270924715454	312.971312740989	222.028837502042	0.177772335751069	690.573930305079	57.9609854019753
13884.0067318816	41.3123755377458	309.820498704712	221.965029072329	0.175461295491788	694.016446134499	58.6763933330721
13884.0868741052	40.3219640799030	306.687315225581	221.884770947845	0.173180298754705	697.414838648519	59.3939542842046
13884.1832032957	39.3552767387041	303.572109011476	221.788327146878	0.170928954974044	700.769377587165	60.1136338335559
13884.2954574040	38.4117460256470	300.475208284775	221.675959707303	0.168706878661379	704.080336947125	60.8353979060878
13884.4233763904	37.4908179936383	297.396923357800	221.547928657508	0.166513689339638	707.347994737628	61.5592127718257
13884.5667022520	36.5919519153386	294.337547192845	221.404491989173	0.164349011477949	710.572632744029	62.2850450440969
13884.7251790480	35.7146199690778	291.297355947191	221.245905631872	0.162212474427341	713.754536298888	63.0128616777244
13884.8985529234	34.8583069321656	288.276609503467	221.072423429406	0.160103712357280	716.893994060337	63.7426299671775
13885.0865721308	34.0225098814264	285.275551985726	220.884297117829	0.158022364193029	719.991297797548	64.4743175446829
13885.2889870513	33.2067379007921	282.294412261596	220.681776305109	0.155968073553823	723.046742183101	65.2078923782964
13885.5055502125	32.4105117957896	279.333404430854	220.465108452351	0.153940488691845	726.060624592072	65.9433227699396
13885.7360163063	31.6333638147629	276.392728300764	220.234538856549	0.151939262432003	729.033244907647	66.6805773534018
13885.9801422047	30.8748373766742	273.472569848501	219.990310634801	0.149964052112478	731.964905333103	67.4196250923089
13886.2376869736	30.1344868053309	270.573101671004	219.732664709944	0.148014519526056	734.855910209957	68.1604352780632
13886.5084118865	29.4118770698900	267.694483422561	219.461839797551	0.146090330862217	737.706565842143	68.9029775277535
13886.7920804359	28.7065835314929	264.836862240437	219.178072394248	0.144191156649977	740.517180326021	69.6472217820382
13887.0884583435	28.0181916958893	262.000373158849	218.881596767310	0.142316671701474	743.288063386087	70.3931383030037
13887.3973135698	27.3462969719093	259.185139511586	218.572644945471	0.140466555056291	746.019526216203	71.1406976719989
13887.7184163216	26.6905044356487	256.391273323552	218.251446710928	0.138640489926494	748.711881326212	71.8898707874469
13888.0515390595	26.0504286002336	253.618875691523	217.918229592483	0.136838163642392	751.365442393781	72.6406288626376
13888.3964565030	25.4256931910334	250.868037154385	217.573218859777	0.135059267599001	753.980524121319	73.3929434234994
13888.7529456357	24.8159309261969	248.138838053121	217.216637518588	0.133303497203202	756.557442097855	74.1467863063549
13889.1207857087	24.2207833023846	245.431348880811	216.848706307151	0.131570551821585	759.096512665700	74.9021296556589
13889.4997582434	23.6399003855780	242.745630622901	216.469643693455	0.129860134728975	761.598052791798	75.6589459217223
13889.8896470334	23.0729406068447	240.081735087975	216.079665873481	0.128171953057626	764.062379943607	76.4172078584218
13890.2902381450	22.5195705629455	237.439705229299	215.678986770361	0.126505717747069	766.489811969392	77.1768885208974
13890.7013199175	21.9794648216684	234.819575457346	215.267818034400	0.124861143494624	768.880666982811	77.9379612632387
13891.1226829622	21.4523057317793	232.221371943548	214.846369043943	0.123237948706545	771.235263251668	78.7003997361604
13891.5541201608	20.9377832374806	229.645112915500	214.414846907051	0.121635855449804	773.553919090708	79.4641778846700
13891.9954266628	20.4355946972733	227.090808943829	213.973456463953	0.120054589404504	775.836952758358	80.2292699457263
13892.4463998824	19.9454447071164	224.558463220944	213.522400290243	0.118493879816904	778.084682357280	80.9956504458919
13892.9068394947	19.4670449277858	222.048071831888	213.061878700795	0.116953459453064	780.297425738645	81.7632941989798
13893.3765474309	19.0001139163314	219.559624017471	212.592089754360	0.115433064553083	782.475500410010	82.5321763036941
13893.8553278730	18.5443769615375	217.093102429912	212.113229258832	0.113932434785941	784.619223446703	83.3022721412684
13894.3429872483	18.0995659232912	214.648483381158	211.625490777138	0.112451313204920	786.728911406608	84.0735573730994
13894.8393342224	17.6654190757681	212.225737084091	211.129065633733	0.110989446203608	788.804880248254	84.8460079383797
13895.3441796925	17.2416809543436	209.824827886794	210.624142921683	0.109546583472479	790.847445252122	85.6196000517283
13895.8573367796	16.8281022061440	207.445714500058	210.110909510299	0.108122477956029	792.856920945057	86.3943102008213
13896.3786208203	16.4244394441492	205.088350218311	209.589550053300	0.106716885810475	794.833621027711	87.1701151440218
13896.9078493582	16.0304551047663	202.752683134138	209.060246997488	0.105329566362005	796.777858304929	87.9469919080123
13897.4448421347	15.6459173087884	200.438656346557	208.523180591909	0.103960282065565	798.689944618978	88.7249177854269
13897.9894210796	15.2705997256626	198.146208163214	207.978528897476	0.102608798464187	800.570190785547	89.5038703324880
13898.5414103006	14.9042814409857	195.875272296660	207.426467797037	0.101274884148844	802.418906532434	90.2838273666440
13899.1006360730	14.5467468271537	193.625778054864	206.867171005862	0.0999583107188262	804.236400440840	91.0647669642121
13899.6669268292	14.1977854170892	191.397650526108	206.300810082538	0.0986588527426319	806.022979889191	91.8466674580254
13900.2401131467	13.8571917809747	189.190810758419	205.727554440241	0.0973762877193699	807.778950999417	92.6295074350835
13900.8200277371	13.5247654059202	187.005175933674	205.147571358377	0.0961103960406604	809.504618585607	93.4132657342105
13901.4065054338	13.2003105784961	184.840659536532	204.561025994568	0.0948609609530323	811.200286104981	94.1979214437176
13901.9993831795	12.8836362700629	182.697171518304	203.968081396967	0.0936277685208095	812.866255611093	94.9834538990730
13902.5985000143	12.5745560248327	180.574618455929	203.368898516888	0.0924106075894798	814.502827709215	95.7698426805785
13903.2036970617	12.2728878505968	178.472903706155	202.763636221726	0.0912092697495395	816.110301513825	96.5570676110536
13903.8148175165	11.9784541120561	176.391927555071	202.152451308164	0.0900235493008084	817.688974608135	97.3451087535279
13904.4317066306	11.6910814266939	174.331587363101	201.535498515640	0.0888532432172085	819.239143005598	98.1339464089417
13905.0542116994	11.4106005631295	172.291777705596	200.912930540062	0.0876981511120009	820.761101113345	98.9235611138557
13905.6821820480	11.1368463418946	170.272390509123	200.284898047770	0.0865580752034742	822.255141697469	99.7139336381694
13906.3154690172	10.8696575385745	168.273315183582	199.651549689703	0.0854328202810790	823.721555850121	100.505044982850
13906.9539259486	10.6088767892587	166.294438750249	199.013032115784	0.0843221936720032	825.160632958347	101.296876377670
13907.5974081705	10.3543504982455	164.335645965866	198.369489989504	0.0832260052081811	826.572660674626	102.089409278958
13908.2457729828	10.1059287479473	162.396819442878	197.721066002676	0.0821440671937319	827.957924889036	102.882625367355
13908.8988796422	9.86346521094475	160.477839765916	197.067900890373	0.0810761943728210	829.316709703018	103.676506545588
13909.5565893473	9.62681706413805	158.578585604638	196.410133446013	0.0800222038979396	830.649297404672	104.471034936250
13910.2187652231	9.39584490494613	156.698933823021	195.747900536601	0.0789819152985967	831.955968445545	105.266192879596
13910.8852723056	9.17041266950498	154.838759585189	195.081337118101	0.0779551504504173	833.237001418857	106.061962931344
13911.5559775266	8.95038755281752	152.997936457896	194.410576250936	0.0769417335446434	834.492673039130	106.858327860496
13912.2307496978	8.73563993080871	151.176336509728	193.735749115603	0.0759414910580308	835.723258123153	107.655270647169
13912.9094594952	8.52604328424073	149.373830407130	193.056985028398	0.0749542517231372	836.929029572271	108.452774480432
13913.5919794432	8.32147412444380	147.590287507337	192.374411457226	0.0739798464989973	838.110258355925	109.250822756170
13914.2781838988	8.12181192081968	145.825575948295	191.688154037514	0.0730181085421780	839.267213496421	110.049399074942
13914.9679490356	7.92693903007568	144.079562735662	190.998336588184	0.0720688731782110	840.400162054878	110.848487239873
13915.6611528277	7.73674062714788	142.352113826946	190.305081127714	0.0711319778733958	841.509369118323	111.648071254543
13916.3576750335	7.55110463777358	140.643094212893	189.608507890241	0.0702072622069701	842.595097787888	112.448135320898
13917.0573971798	7.36992167267359	138.952367996167	188.908735341736	0.0692945678436415	843.657609168078	113.248663837171
13917.7602025454	7.19308496330622	137.279798467419	188.205880196209	0.0683937385064761	844.697162357067	114.049641395821
13918.4659761447	7.02049029915537	135.625248178806	187.500057431962	0.0675046199501403	845.714014437999	114.851052781483
13919.1746047119	6.85203596651643	133.988579015034	186.791380307867	0.0666270599344897	846.708420471244	115.652882968931
13919.8859766842	6.68762268874414	132.369652261998	186.079960379671	0.0657609081985017	847.680633487590	116.455117121059
13920.5999821856	6.52715356792777	130.768328673072	185.365907516319	0.0649060164345469	848.630904482329	117.257740586877
13921.3165130109	6.37053402795953	129.184468533133	184.649329916285	0.0640622382629951	849.559482410214	118.060738899513
13922.0354626088	6.21767175896304	127.617931720368	183.930334123909	0.0632294292071512	850.466614181248	118.864097774242
13922.7567260661	6.06847666304957	126.068577765927	183.209025045734	0.0624074466685170	851.352544657288	119.667803106521
13923.4802000910	5.92286080137030	124.536265911496	182.485505966837	0.0615961499023749	852.217516649414	120.471840970042
13924.2057829970	5.78073834243377	123.020855164829	181.759878567143	0.0607953999936883	853.061770916061	121.276197614800
13924.9333746864	5.64202551165840	121.522204353310	181.032242937726	0.0600050598333164	853.885546161870	122.080859465174
13925.6628766343	5.50664054213064	120.040172175599	180.302697597086	0.0592249940945367	854.689079037233	122.885813118026
13926.3941918721	5.37450362654002	118.574617251405	179.571339507400	0.0584550692098745	855.472604138516	123.691045340812
13927.1272249713	5.24553687026298	117.125398169457	178.838264090734	0.0576951533482318	856.236354008918	124.496543069712
13927.8618820276	5.11966424556822	115.692373533713	178.103565245231	0.0569451163923151	856.980559139966	125.302293407771
13928.5980706443	4.99681154691676	114.275402007853	177.367335361244	0.0562048299163555	857.705447973600	126.108283623057
13929.3356999167	4.87690634733057	112.874342358121	176.629665337434	0.0554741671641192	858.411246904835	126.914501146836
13930.0746804156	4.75987795580442	111.489053494543	175.890644596814	0.0547530030272032	859.098180284980	127.720933571757
13930.8149241716	4.64565737573590	110.119394510589	175.150361102745	0.0540412140236138	859.766470425389	128.527568650062
13931.5563446592	4.53417726434950	108.765224721304	174.408901374866	0.0533386782766231	860.416337601722	129.334394291798
13932.2988567806	4.42537189309087	107.426403699966	173.666350504978	0.0526452754939006	861.048000058699	130.141398563056
13933.0423768502	4.31917710896828	106.102791313308	172.922792172849	0.0519608869469161	861.661674015327	130.948569684219
13933.7868225788	4.21553029681855	104.794247755349	172.178308661969	0.0512853954506103	862.257573670576	131.755896028227
13934.5321130577	4.11437034247546	103.500633579865	171.432980875221	0.0506186853433294	862.835911209496	132.563366118857
13935.2781687434	4.01563759681907	102.221809731556	170.686888350489	0.0499606424670213	863.396896809743	133.370968629019
13936.0249114420	3.91927384068502	100.957637575930	169.940109276188	0.0493111541476882	863.940738648509	134.178692379068
13936.7722642933	3.82522225061308	99.7079789279588	169.192720506713	0.0486701091760946	864.467642909830	134.986526335124
13937.5201517563	3.73342736541519	98.4726960795244	168.444797577818	0.0480373977887247	864.977813792264	135.794459607421
13938.2684995930	3.64383505354316	97.2516518257052	167.696414721898	0.0474129116489885	865.471453516919	136.602481448658
13939.0172348540	3.55639248123717	96.0447094899304	166.947644883197	0.0467965438286716	865.948762335804	137.410581252371
13939.7662858626	3.47104808143626	94.8517329480378	166.198559732927	0.0461881887896264	866.409938540517	138.218748551320
13940.5155822004	3.38775152343271	93.6725866512667	165.449229684296	0.0455877423657009	866.855178471224	139.026973015891
13941.2650546922	3.30645368325248	92.5071356482201	164.699723907443	0.0449951017449034	867.284676525932	139.835244452511
13942.0146353907	3.22710661474445	91.3552456058246	163.950110344285	0.0444101654517978	867.698625170043	140.643552802079
13942.7642575626	3.14966352136146	90.2167828293197	163.200455723270	0.0438328333301287	868.097214946165	141.451888138413
13943.5138556731	3.07407872861668	89.0916142813066	162.450825574026	0.0432630065256719	868.480634484179	142.260240666714
13944.2633653719	3.00030765719909	87.9796075998830	161.701284241922	0.0427005874693081	868.849070511540	143.068600722034
13945.0127234786	2.92830679673251	86.8806311158942	160.951894902524	0.0421454798603166	869.202707863810	143.876958767774
13945.7618679681	2.85803368016253	85.7945538693259	160.202719575953	0.0415975886498858	869.541729495399	144.685305394186
13946.5107379568	2.78944685875659	84.7212456248660	159.453819141137	0.0410568200248388	869.866316490512	145.493631316893
13947.2592736879	2.72250587770248	83.6605768866607	158.705253349969	0.0405230813915699	870.176648074289	146.301927375422
13948.0074165179	2.65717125229084	82.6124189122904	157.957080841350	0.0399962813601903	870.472901624126	147.110184531755
13948.7551089023	2.59340444466790	81.5766437259890	157.209359155135	0.0394763297288794	870.755252681165	147.918393868890
13949.5022943818	2.53116784114467	80.5531241311313	156.462144745972	0.0389631374684407	871.023874961950	148.726546589421
13950.2489175688	2.47042473004943	79.5417337220105	155.715492997029	0.0384566167070567	871.278940370226	149.534634014126
13950.9949241333	2.41113928011034	78.5423468949286	154.969458233617	0.0379566807152440	871.520619008893	150.342647580576
13951.7402607901	2.35327651935570	77.5548388586224	154.224093736708	0.0374632438910019	871.749079192078	151.150578841752
13952.4848752847	2.29680231451939	76.5790856440448	153.479451756334	0.0369762217451561	871.964487457346	151.958419464683
13953.2287163803	2.24168335093934	75.6149641135228	152.735583524888	0.0364955308868914	872.167008578015	152.766161229088
13953.9717338447	2.18788711293742	74.6623519693130	151.992539270306	0.0360210890094729	872.356805575586	153.573796026042
13954.7138784371	2.13538186466907	73.7211277615724	151.250368229140	0.0355528148761536	872.534039732271	154.381315856651
13955.4551018953	2.08413663143156	72.7911708957656	150.509118659525	0.0350906283062640	872.698870603608	155.188712830738
13956.1953569224	2.03412118141982	71.8723616395247	149.768837854025	0.0346344501614831	872.851456031172	155.995979165550
13956.9345971746	1.98530600791921	70.9645811289821	149.029572152375	0.0341842023322883	872.991952155349	156.803107184470
13957.6727772484	1.93766231192473	70.0677113745917	148.291366954106	0.0337398077245805	873.120513428195	157.610089315749
13958.4098526679	1.89116198517650	69.1816352664564	147.554266731064	0.0333011902464842	873.237292626345	158.416918091247
13959.1457798726	1.84577759360156	68.3062365791793	146.818315039803	0.0328682747953178	873.342440863993	159.223586145190
13959.8805162050	1.80148236115223	67.4413999762523	146.083554533882	0.0324409872447348	873.436107605908	160.030086212941
13960.6140198985	1.75825015403159	66.5870110140006	145.350026976034	0.0320192544320312	873.518440680512	160.836411129780
13961.3462500654	1.71605546529679	65.7429561450958	144.617773250232	0.0316030041456178	873.589586292982	161.642553829696
13962.0771666846	1.67487339983117	64.9091227216540	143.886833373640	0.0311921651126565	873.649689038396	162.448507344204
13962.8067305902	1.63467965967637	64.0853989979327	143.157246508443	0.0307866669868556	873.698891914899	163.254264801155
13963.5349034596	1.59545052971576	63.2716741326398	142.429050973578	0.0303864403364253	873.737336336900	164.059819423577
13964.2616478019	1.55716286370090	62.4678381908699	141.702284256338	0.0299914166321892	873.765162148282	164.865164528520
13964.9869269463	1.51979407061273	61.6737821456792	140.976983023875	0.0296015282358500	873.782507635625	165.670293525911
13965.7107050309	1.48332210134943	60.8893978793130	140.253183134580	0.0292167083884083	873.789509541437	166.475199917427
13966.4329469911	1.44772543573334	60.1145781840985	139.530919649358	0.0288368911987314	873.786303077395	167.279877295378
13967.1536185490	1.41298306982906	59.3492167630130	138.810226842792	0.0284620116322717	873.773021937573	168.084319341603
13967.8726862018	1.37907450356547	58.5932082299423	138.091138214182	0.0280920054999304	873.749798311680	168.888519826376
13968.5901172112	1.34597972865425	57.8464481096383	137.373686498493	0.0277268094470670	873.716762898278	169.692472607325
13969.3058795923	1.31367921679794	57.1088328373873	136.657903677172	0.0273663609426514	873.674044917988	170.496171628366
13970.0199421031	1.28215390818055	56.3802597584009	135.943820988864	0.0270105982685566	873.621772126691	171.299610918644
13970.7322742339	1.25138520023386	55.6606271269391	135.231468940020	0.0266594605089916	873.560070828692	172.102784591485
13971.4428461968	1.22135493667303	54.9498341051755	134.520877315384	0.0263128875400703	873.489065889875	172.905686843369
13972.1516289151	1.19204539679482	54.2477807618151	133.812075188383	0.0259708200195172	873.408880750821	173.708311952902
13972.8585940132	1.16343928503242	53.5543680704741	133.105090931395	0.0256331993765064	873.319637439901	174.510654279806
13973.5637138066	1.13551972076039	52.8694979078308	132.399952225917	0.0252999678016328	873.221456586339	175.312708263923
13974.2669612914	1.10827022834412	52.1930730515569	131.696686072623	0.0249710682370132	873.114457433229	176.114468424223
13974.9683101348	1.08167472742758	51.5249971780381	130.995318801309	0.0246464443665171	872.998757850522	176.915929357828
13975.6677346651	1.05571752345397	50.8651748598915	130.295876080736	0.0243260406061237	872.874474347969	177.717085739047
13976.3652098617	1.03038329841348	50.2135115632898	129.598382928363	0.0240098020944043	872.741722088019	178.517932318419
13977.0607113459	1.00565710181282	49.5699136450987	128.902863719977	0.0236976746831287	872.600614898669	179.318463921767
13977.7542153713	0.981524341861162	48.9342883498363	128.209342199209	0.0233896049279939	872.451265286268	180.118675449269
13978.4456988140	0.957970776867387	48.3065438064616	127.517841486956	0.0230855400794726	872.293784448269	180.918561874532
13979.1351391636	0.934982506843480	47.6865890249994	126.828384090690	0.0227854280737814	872.128282285927	181.718118243677
13979.8225145142	0.912545965309209	47.0743338930094	126.140991913663	0.0224892175239660	871.954867416936	182.517339674442
13980.5078035549	0.890647911293231	46.4696891719050	125.455686264017	0.0221968577111026	871.773647188024	183.316221355285
13981.1909855608	0.869275421525940	45.8725664931302	124.772487863777	0.0219082985756132	871.584727687468	184.114758544506
13981.8720403844	0.848415882819450	45.2828783541994	124.091416857755	0.0216234907086944	871.388213757564	184.912946569372
13982.5509484467	0.828056984630243	44.7005381146084	123.412492822345	0.0213423853438572	871.184209007029	185.710780825261
13983.2276907283	0.808186711800105	44.1254599916202	122.735734774220	0.0210649343485769	870.972815823332	186.508256774801
13983.9022487611	0.788793337471065	43.5575590559341	122.061161178925	0.0207910902160516	870.754135384970	187.305369947040
13984.5746046196	0.769865416170196	42.9967512272414	121.388789959377	0.0205208060570679	870.528267673670	188.102115936603
13985.2447409125	0.751391777060186	42.4429532696756	120.718638504258	0.0202540355919720	870.295311486520	188.898490402877
13985.9126407747	0.733361517351717	41.8960827871606	120.050723676317	0.0199907331427455	870.055364448035	189.694489069196
13986.5782878585	0.715763995873779	41.3560582186633	119.385061820569	0.0197308536251846	869.808523022152	190.490107722036
13987.2416663261	0.698588826798129	40.8227988333547	118.721668772403	0.0194743525411797	869.554882524141	191.285342210221
13987.9027608414	0.681825873514209	40.2962247256857	118.060559865584	0.0192211859710967	869.294537132461	192.080188444143
13988.5615565619	0.665465242650915	39.7762568103810	117.401749940173	0.0189713105662569	869.027579900522	192.874642394980
13989.2180391310	0.649497278241692	39.2628168173565	116.745253350339	0.0187246835415142	868.754102768385	193.668700093933
13989.8721946704	0.633912556029539	38.7558272865644	116.091083972090	0.0184812626679295	868.474196574377	194.462357631470
13990.5240097723	0.618701877908556	38.2552115627705	115.439255210896	0.0182410062655398	868.187951066634	195.255611156573
13991.1734714920	0.603856266498764	37.7608937902675	114.789780009236	0.0180038731962215	867.895454914561	196.048456876002
13991.8205673402	0.589366959851012	37.2727989075289	114.142670854038	0.0177698228566469	867.596795720214	196.840891053562
13992.4652852760	0.575225406278848	36.7908526418066	113.497939784040	0.0175388151713313	867.292060029604	197.632910009382
13993.1076136994	0.561423259314317	36.3149815036771	112.855598397051	0.0173108105857712	866.981333343917	198.424510119202
13993.7475414442	0.547952372784704	35.8451127815388	112.215657857132	0.0170857700596718	866.664700130660	199.215687813662
13994.3850577708	0.534804796007342	35.3811745360648	111.578128901679	0.0168636550602621	866.342243834712	200.006439577614
13995.0201523593	0.521972769099644	34.9230955946140	110.943021848428	0.0166444275556969	866.014046889307	200.796761949426
13995.6528153027	0.509448718401596	34.4708055456048	110.310346602360	0.0164280500085453	865.680190726926	201.586651520305
13996.2830370998	0.497225252008028	34.0242347328527	109.680112662535	0.0162144853693626	865.340755790107	202.376104933623
13996.9108086488	0.485295155408021	33.5833142498775	109.052329128824	0.0160036970703471	864.995821542175	203.165118884254
13997.5361212403	0.473651387228882	33.1479759341808	108.427004708572	0.0157956490190785	864.645466477882	203.953690117917
13998.1589665508	0.462287075082194	32.7181523614977	107.804147723164	0.0155903055923379	864.289768133969	204.741815430527
13998.7793366366	0.451195511509478	32.2937768400259	107.183766114515	0.0153876316300081	863.928803099639	205.529491667556
13999.3972239267	0.440370150025090	31.8747834046337	106.565867451474	0.0151875924290536	863.562647026950	206.316715723398
14000.0126212173	0.429804601254023	31.4611068110504	105.950458936147	0.0149901537375782	863.191374641117	207.103484540744
14000.6255216647	0.419492629162330	31.0526825300419	105.337547410141	0.0147952817489604	862.815059750736	207.889795109964
14001.2359187799	0.409428147377959	30.6494467415729	104.727139360725	0.0146029430960647	862.433775257916	208.675644468499
14001.8438064220	0.399605215599829	30.2513363289582	104.119240926911	0.0144131048455284	862.047593168332	209.461029700253
14002.4491787923	0.390018036093022	29.8582888730068	103.513857905459	0.0142257344921226	861.656584601188	210.245947935003
14003.0520304288	0.380660950268050	29.4702426461590	102.910995756800	0.0140407999531860	861.260819799099	211.030396347806
14003.6523561995	0.371528435342156	29.0871366066196	102.310659610889	0.0138582695631322	860.860368137881	211.814372158419
14004.2501512976	0.362615101080697	28.7089103924895	101.712854272970	0.0136781120680273	860.455298136266	212.597872630725
14004.8454112350	0.353915686616691	28.3355043158969	101.117584229276	0.0135002966202386	860.045677465521	213.380895072166
14005.4381318372	0.345425057346642	27.9668593571303	100.524853652650	0.0133247927731525	859.631572958990	214.163436833180
14006.0283092375	0.337138201900828	27.6029171587755	99.9346664080874	0.0131515704759614	859.213050621546	214.945495306650
14006.6159398716	0.329050229186261	27.2436200198576	99.3470260582127	0.0129806000685180	858.790175638961	215.727067927357
14007.2010204722	0.321156365500568	26.8889108899901	98.7619358686778	0.0128118522762573	858.363012387189	216.508152171438
14007.7835480637	0.313451951715117	26.5387333635328	98.1793988134902	0.0126452982051833	857.931624441566	217.288745555853
14008.3635199568	0.305932440525695	26.1930316737596	97.5994175802693	0.0124809093369221	857.496074585927	218.068845637860
14008.9409337435	0.298593393769150	25.8517506870384	97.0219945754328	0.0123186575238384	857.056424821634	218.848450014489
14009.5157872920	0.291430479804394	25.5148358970237	96.4471319293126	0.0121585149842164	856.612736376525	219.627556322035
14010.0880787413	0.284439470956230	25.1822334188640	95.8748315012014	0.0120004542975025	856.165069713779	220.406162235543
14010.6578064967	0.277616241020505	24.8538899834245	95.3050948843322	0.0118444483996102	855.713484540690	221.184265468311
14011.2249692247	0.270956762829106	24.5297529315274	94.7379234107882	0.0116904705782863	855.258039817372	221.961863771393
14011.7895658479	0.264457105873368	24.2097702082100	94.1733181563472	0.0115384944685367	854.798793765365	222.738954933108
14012.3515955406	0.258113433984503	23.8938903570027	93.6112799452590	0.0113884940481123	854.335803876174	223.515536778559
14012.9110577239	0.251922003069666	23.5820625142268	93.0518093549578	0.0112404436330531	853.869126919710	224.291607169155
14013.4679520612	0.245879158902337	23.2742364033146	92.4949067207091	0.0110943178732907	853.398818952665	225.067164002137
14014.0222784533	0.239981334965715	22.9703623291517	91.9405721401927	0.0109500917483075	852.924935326794	225.842205210115
14014.5740370341	0.234225050347846	22.6703911724430	91.3888054780230	0.0108077405628527	852.447530697118	226.616728760608
14015.1232281664	0.228606907687246	22.3742743841029	90.8396063702049	0.0106672399427136	851.966659030053	227.390732655587
14015.6698524370	0.223123591167823	22.0819639796714	90.2929742285296	0.0105285658305423	851.482373611448	228.164214931029
14016.2139106526	0.217771864561886	21.7934125337560	89.7489082449074	0.0103916944817365	850.994727054553	228.937173656474
14016.7554038355	0.212548569320121	21.5085731745007	89.2074073956406	0.0102566024603736	850.503771307901	229.709606934583
14017.2943332196	0.207450622707385	21.2273995780830	88.6684704456366	0.0101232666351981	850.009557663111	230.481512900712
14017.8307002458	0.202475015983224	20.9498459632389	88.1320959525606	0.00999166417566065	849.512136762619	231.252889722482
14018.3645065585	0.197618812626052	20.6758670858180	87.5982822709310	0.00986177254800916	849.011558607321	232.023735599358
14018.8957540008	0.192879146599927	20.4054182333676	87.0670275561556	0.00973356951143024	848.507872564147	232.794048762230
14019.4244446113	0.188253220662925	20.1384552197475	86.5383297685112	0.00960703311424107	848.001127373551	233.563827473008
14019.9505806197	0.183738304716088	19.8749343797765	86.0121866770660	0.00948214169013070	847.491371156929	234.333070024210
14020.4741644430	0.179331734191994	19.6148125639095	85.4885958635465	0.00935887385445018	846.978651423955	235.101774738565
14020.9951986818	0.175030908481992	19.3580471329478	84.9675547261483	0.00923720850055104	846.463015079850	235.869939968616
14021.5136861166	0.170833289401166	19.1045959527814	84.4490604832926	0.00911712479617116	845.944508432566	236.637564096328
14022.0296297038	0.166736399690142	18.8544173891645	83.9331101773284	0.00899860217986787	845.423177199901	237.404645532703
14022.5430325722	0.162737821552835	18.6074703025252	83.4197006781814	0.00888162035749720	844.899066516537	238.171182717399
14023.0538980198	0.158835195229281	18.3637140428083	82.9088286869495	0.00876615929873905	844.372220941004	238.937174118355
14023.5622295094	0.155026217602721	18.1231084443531	82.4004907394467	0.00865219923366750	843.842684462575	239.702618231415
14024.0680306661	0.151308640840104	17.8856138208058	81.8946832096948	0.00853972064936560	843.310500508081	240.467513579964
14024.5713052730	0.147680271065210	17.6511909600668	81.3914023133641	0.00842870428658435	842.775711948657	241.231858714568
14025.0720572683	0.144138967063614	17.4198011192741	80.8906441111643	0.00831913113644495	842.238361106421	241.995652212610
14025.5702907419	0.140682639018723	17.1914060198211	80.3924045121847	0.00821098243718403	841.698489761069	242.758892677941
14026.0660099319	0.137309247278150	16.9659678424118	79.8966792771856	0.00810423967094112	841.156139156416	243.521578740532
14026.5592192216	0.134016801149679	16.7434492221513	79.4034640218410	0.00799888456058793	840.611350006851	244.283709056126
14027.0499231363	0.130803357726135	16.5238132436732	78.9127542199332	0.00789489906659881	840.064162503732	245.045282305899
14027.5381263398	0.127667020738438	16.3070234363031	78.4245452065000	0.00779226538396195	839.514616321709	245.806297196125
14028.0238336318	0.124605939436199	16.0930437692599	77.9388321809345	0.00769096593913069	838.962750624978	246.566752457845
14028.5070499444	0.121618307495157	15.8818386468930	77.4556102100395	0.00759098338701443	838.408604073467	247.326646846539
14028.9877803395	0.118702361950855	15.6733729039573	76.9748742310351	0.00749230060800876	837.852214828954	248.085979141799
14029.4660300055	0.115856382157889	15.4676118009259	76.4966190545218	0.00739490070506413	837.293620561119	248.844748147016
14029.9418042545	0.113078688774142	15.2645210193390	76.0208393673985	0.00729876700079259	836.732858453529	249.602952689061
14030.4151085195	0.110367642769387	15.0640666571915	75.5475297357363	0.00720388303461224	836.169965209559	250.360591617975
14030.8859483516	0.107721644457690	14.8662152243577	75.0766846076094	0.00711023255992874	835.604977058241	251.117663806661
14031.3543294169	0.105139132553026	14.6709336380536	74.6082983158822	0.00701779954135346	835.037929760058	251.874168150581
14031.8202574941	0.102618583247563	14.4781892183369	74.1423650809542	0.00692656815195780	834.468858612665	252.630103567456
14032.2837384717	0.100158509312063	14.2879496836453	73.6788790134631	0.00683652277056323	833.897798456552	253.385468996973
14032.7447783453	0.0977574592178731	14.1001831463721	73.2178341169457	0.00674764797906655	833.324783680640	254.140263400489
14033.2033832150	0.0954140162799910	13.9148581084794	72.7592242904593	0.00665992855979985	832.749848227817	254.894485760746
14033.6595592826	0.0931267978206907	13.7319434571500	72.3030433311609	0.00657334949292492	832.173025600411	255.648135081583
14034.1133128496	0.0908944543532243	13.5514084604759	71.8492849368479	0.00648789595386145	831.594348865601	256.401210387661
14034.5646503143	0.0887156687851137	13.3732227631859	71.3979427084585	0.00640355331074863	831.013850660767	257.153710724178
14035.0135781691	0.0865891556405622	13.1973563824099	70.9490101525340	0.00632030712193985	830.431563198780	257.905635156602
14035.4601029988	0.0845136603015287	13.0237797034814	70.5024806836418	0.00623814313352990	829.847518273233	258.656982770395
14035.9042314776	0.0824879582670161	12.8524634757774	70.0583476267611	0.00615704727691432	829.261747263611	259.407752670752
14036.3459703669	0.0805108544301366	12.6833788085965	69.6166042196307	0.00607700566638050	828.674281140401	260.157943982332
14036.7853265131	0.0785811823725279	12.5164971670734	69.1772436150604	0.00599800459673008	828.085150470148	260.907555849001
14037.2223068453	0.0766978036757032	12.3517903681322	68.7402588832055	0.00592003054093229	827.494385420452	261.656587433574
14037.6569183730	0.0748596072489299	12.1892305764757	68.3056430138053	0.00584307014780771	826.902015764902	262.405037917563
14038.0891681839	0.0730655086732394	12.0287903006129	67.8733889183858	0.00576711023974230	826.308070887962	263.152906500925
14038.5190634417	0.0713144495611809	11.8704423889235	67.4434894324283	0.00569213781043094	825.712579789795	263.900192401814
14038.9466113842	0.0696053969319429	11.7141600257587	67.0159373175020	0.00561814002265050	825.115571091034	264.646894856341
14039.3718193209	0.0679373426014712	11.5599167275800	66.5907252633633	0.00554510420606174	824.517073037496	265.393013118331
14039.7946946311	0.0663093025872257	11.4076863391337	66.1678458900212	0.00547301785503981	823.917113504846	266.138546459083
14040.2152447617	0.0647203165272241	11.2574430296626	65.7472917497692	0.00540186862653297	823.315720003197	266.883494167139
14040.6334772255	0.0631694471130290	11.1091612891545	65.3290553291845	0.00533164433794917	822.712919681672	267.627855548051