1427817600,201503312359_126_6512_7283838,1,33010001,200339,0,0,0,0,259,64,0,50,0,4,0001148070,003127530,0000000308,003102620,1427817538
1427817600,201503312359_126_6512_7283839,1,33010001,24657,0,0,0,0,45,0,0,50,0,4,0001566830,002947000,0001613746,002923704,1427838401
1427817600,201503312359_126_6512_7283841,1,33010001,,0,0,0,0,130,3,0,50,0,4,0001161900,003115840,0000009808,003093113,1427817538
1427817600,201503312359_126_6512_7283842,1,33010001,17330,0,0,0,0,90,0,0,50,0,4,0000847000,003649670,0000895259,003627049,1427838402
1427817600,201503312359_126_6512_7283843,1,33010001,14863,0,0,0,0,100,0,0,50,1,4,0001665700,002605320,0001712295,002581808,1427817537
1427817600,201503312359_126_6512_7283844,1,33010001,,0,0,0,0,260,0,0,50,0,4,0000915700,002721180,0000963855,002698468,1427817538
1427817600,201503312359_126_6512_7283845,1,33010001,18348,0,0,0,0,250,48,0,50,0,4,0002260700,002891860,0002305771,002867448,1427817537
1427817600,201503312359_126_6512_7283846,1,33010001,01152,0,0,0,0,290,58,0,50,0,4,0001306400,003062650,0001354013,003039773,1427817537
1427817600,201503312359_126_6512_7283847,1,33010001,21113,0,0,0,0,130,26,0,50,1,4,0001943740,002072770,0001989477,002048711,1427817538
1427817600,201503312359_126_6512_7283848,1,33010001,,0,0,0,0,0,45,0,50,1,4,0000004900,002588700,0001242704,002565891,1427817531
1427817600,201503312359_126_6512_7283849,1,33010001,202109,0,0,0,0,0,1,0,50,0,4,0001146240,002787110,0000004146,002764357,1427817537
1427817600,201503312359_126_6512_7283850,1,33010001,23372,0,0,0,0,315,0,0,50,0,4,0000999500,003339000,0001047645,003316370,1427838401
1427817600,201503312359_126_6512_7283851,1,33010001,23771,0,0,0,0,45,73,0,50,1,4,0001441330,003346670,0001488632,003323639,1427838401
1427817600,201503312359_126_6512_7283852,1,33010001,22077,0,0,0,0,135,0,0,50,1,4,0001913330,003329500,0001959256,003305613,1427794335
1427817600,201503312359_126_6512_7283853,1,33010001,21706,0,0,0,0,270,0,0,50,0,4,0001311330,003015000,0001358928,002992111,1427838401
1427817600,201503312359_126_6512_7283854,1,33010001,17510,0,0,0,0,180,0,0,50,0,4,0001889900,003484750,0001935906,003460928,1427817538
1427817600,201503312359_126_6512_7283855,1,33010001,05698,0,0,0,0,315,0,0,50,0,4,0007282000,002387170,0007330957,002362447,1427817575
1427817600,201503312359_126_6512_7283856,1,33010001,22196,0,0,0,0,135,0,0,50,0,4,0000966500,002715830,0001014621,002693126,1427838401
1427817600,201503312359_126_6512_7283857,1,33010001,02633,0,0,0,0,30,51,0,50,0,4,0001427600,001809710,0001474808,001786565,1427817538
1427817600,201503312359_126_6512_7283858,1,33010001,02718,0,0,0,0,310,0,0,50,0,4,0002012560,002121490,0002058117,002097322,1427817538
1427817600,201503312359_126_6512_7283859,1,33010001,,0,0,0,0,0,4,0,50,1,4,0000974700,002638200,0001022808,002615490,1427817536
1427817600,201503312359_126_6512_7283860,1,33010001,23905,0,0,0,0,45,30,0,50,1,4,0001468830,002936330,0001516023,002913202,1427838400
1427817600,201503312359_126_6512_7283861,1,33010001,06109,0,0,0,0,270,0,0,50,0,4,0001643000,002451330,0001689650,002427848,1427817575
1427817600,201503312359_126_6512_7283862,1,33010001,19403,0,0,0,0,270,24,0,50,0,4,0003379100,003000700,0003424585,003097351,1427817538
1427817600,201503312359_126_6512_7283863,1,33010001,06343,0,0,0,0,0,1,0,50,0,4,0000774700,002862930,0000822891,002840145,1427817538
1427817600,201503312359_126_6512_7283864,1,33010001,,0,0,0,0,0,2,0,50,0,4,0000868600,001446570,0000916666,001423766,1427817538
1427817600,201503312359_126_6512_7283865,1,33010001,18783,0,0,0,0,260,0,0,50,0,4,0003203400,003226050,0003248624,003202380,1427817538
1427817600,201503312359_126_6512_7283866,1,33010001,,0,0,0,0,80,33,0,50,0,4,0001122700,002896400,0001170653,002873674,1427817538
1427817600,201503312359_126_6512_7283867,1,33010001,21703,0,0,0,0,270,0,0,50,0,4,0009295000,002737670,0009340512,002711410,1427838401
1427817600,201503312359_126_6512_7283868,1,33010001,25854,0,0,0,0,70,0,0,50,1,4,0001954200,002789650,0001999968,002765628,1427817538
1427817600,201503312359_126_6512_7283869,1,33010001,,0,0,0,0,0,2,0,50,1,4,0001916000,001838400,0001961795,001814378,1427817538
1427817600,201503312359_126_6512_7283870,1,33010001,20961,0,0,0,0,210,102,0,50,0,4,0008716700,005166260,0008757842,005140642,1427817531
1427817600,201503312359_126_6512_7283871,1,33010001,02533,0,0,0,0,70,22,0,50,0,4,0001357500,002676200,0001404960,002653215,1427817538
1427817600,201503312359_126_6512_7283872,1,33010001,24095,0,0,0,0,315,65,0,50,1,4,0001975000,002957830,0002020725,002933792,1427838401
1427817600,201503312359_126_6512_7283873,1,33010001,22618,0,0,0,0,45,0,0,50,0,4,0001613170,002562830,0001659918,002539412,1427838401